-0.6870595517043192 0.3529820062779083
-0.6749237366815507 0.3413501923161947
-0.6622308678544585 0.33279101640214015
-0.650665369821831 0.320394358724966
-0.6356558645386621 0.30874043945355706
-0.6240947875679737 0.2971130465537825
-0.6102347583889649 0.2854679694062517
-0.5952252531057959 0.27381405013484267
-0.580220168884566 0.2629293956408332
-0.565215084663336 0.25204474114682374
-0.5536584287545867 0.24118661302444871
-0.5397807153278216 0.22646447676731976
-0.5196029886378707 0.21554003271585856
-0.5034307440647243 0.20156947698837285
-0.48785534285335325 0.1914496662098238
-0.4728502586321234 0.18056501171581432
-0.4538087448605154 0.1673416154560327
-0.4382466068349617 0.1595295990096823
-0.42092488615765505 0.14555020115831843
-0.40306379592378083 0.1377205004642117
-0.38921260886865017 0.12761395287147986
-0.3678986692603563 0.11898846102833915
-0.35059463283080583 0.10808612228657338
-0.3356204960431495 0.10258632123436062
-0.3194570935938811 0.09015429506167394
-0.30046421150360325 0.08539281135328719
-0.28663955082010695 0.07990185242495257
-0.2676201423581944 0.07052478005216861
-0.2543879039745346 0.06811530129537124
-0.24055440116716031 0.06108581281223757
-0.22501436845130196 0.057120120252884765
-0.207728016269508 0.049294840620717206
-0.1956540961138865 0.04843273354259697
-0.1766302665900349 0.03828639639241349
-0.16974225208895177 0.03977187320394365
-0.15593085459127276 0.03658870860780766
-0.1409478756797382 0.02955037800079585
-0.12943985145231895 0.027154162429815665
-0.11908572439099874 0.025536053760113198
-0.1040894822936469 0.01618992882090281
-0.08796144833989128 0.009912020867412386
-0.07527300057473818 0.002122109730757271
-0.06487024183208812 -0.007957911490339975
-0.05957823069101198 -0.028767850037579035
-0.05431716698350941 -0.04419293514302136
-0.053631902382952346 -0.06342897563994876
-0.05689906715593085 -0.09494230514169505
-0.05907865069189622 -0.11569476988372618
-0.06241213139396096 -0.13566912772447948
-0.06570582253857382 -0.16256686856182867
-0.0696494097882312 -0.17638268712144667
-0.07292983774702688 -0.20558822229099438
-0.07908837702816218 -0.23400238737344714
-0.0857818648039258 -0.2693355143905567
-0.09357619700251996 -0.3131217118351828
-0.10252000530527439 -0.356899067155931
-0.11370529201114121 -0.4106591803351166
