-0.5863566028560059 0.23066890667138273
-0.5748043680091957 0.22058004332640727
-0.5672797205888853 0.21129139219240486
-0.5551527476899951 0.20119810778549033
-0.5430346169149829 0.19264335293337484
-0.5332198594102302 0.1848755471064152
-0.5193686723550996 0.1747689995136834
-0.5049427472478889 0.16465803085901257
-0.49512356868119706 0.15612096025465338
-0.482435120916044 0.14833104911799835
-0.4714620451832529 0.13901587161236145
-0.45645253990008394 0.1273619523409525
-0.4449268314249082 0.12188867766037415
-0.43165038242185766 0.11178655112958152
-0.41780361642866615 0.10244926831424922
-0.4045536937972501 0.0969627304478537
-0.3924311419602988 0.08763871081833874
-0.3808965913612449 0.0806269065829614
-0.36533445333569126 0.07281489013661097
-0.35264158450859895 0.06425571422255638
-0.341107033909545 0.0572439099871791
-0.327861532340068 0.05252663689818304
-0.3111543392722932 0.04547504310535405
-0.2979044166408772 0.03998850523895847
-0.2875370263937398 0.03606260223705743
-0.2737079446483045 0.02980237853132328
-0.2587603342322825 0.02891816614350773
-0.2455192537247447 0.024970157831911255
-0.23342764932136695 0.02103099164419303
-0.22017772668995095 0.015544453777797451
-0.2075290684822495 0.014677925637738287
-0.19373093417038778 0.013802555373800818
-0.1822184888810292 0.010637075025421161
-0.17070162252973164 0.006702329899641923
-0.15978159954020954 0.00661832972279941
-0.14944073566470661 0.00730801538529563
-0.13734913126132897 0.003368849197577295
-0.12814890136610824 0.002528847429152492
-0.11719350988107347 -0.0037092709668862245
-0.1085768601618109 -0.0030063221185728795
-0.09995136831867024 -0.003841902825058585
-0.09246208939387235 -0.006976435739864728
-0.08612670763517394 -0.009332861753393151
-0.07979574693841451 -0.010920022989522105
-0.07286794287987974 -0.016357929174587726
-0.0682479331535436 -0.02023962155709802
-0.06477297846942831 -0.024881736593129644
-0.06129360272337436 -0.03029311640656085
-0.057199699367788126 -0.042632300278526936
-0.05427737742605765 -0.051116318139617145
-0.05131968698881484 -0.06575445421990367
-0.052995269463725236 -0.07420310358548127
-0.054074008576860066 -0.08650249789999559
-0.05399885052389575 -0.09957999911578763
-0.05506432645121373 -0.11418718776250059
-0.05841991246297373 -0.1303152217162563
-0.06462266236349978 -0.1510367390247137
-0.06907467173615112 -0.17638710818338577
-0.07466731508908453 -0.20326716477297846
-0.07852690216189928 -0.23169901410318772
-0.08750607896016627 -0.2693222512047394
-0.09648967682037235 -0.30617622352889173
-0.10482779963747302 -0.35534285335337557
-0.11370529201114121 -0.4106591803351166