-0.57794774304788 0.16752730005747407
-0.5658472965206242 0.16204960431495669
-0.5537424289314292 0.1558026437950398
-0.5399000840001769 0.14723462575710705
-0.5306910119810777 0.14485609443388323
-0.5174145629780272 0.13475396790309058
-0.5064503293691144 0.1269773199522527
-0.49493346301781677 0.12304257482647352
-0.48165701401476624 0.11294044829568078
-0.47185551969583084 0.10748043680091979
-0.45859233387859755 0.09968610460232563
-0.44591272823732253 0.09343472302046968
-0.4343693355143905 0.08488438923029323
-0.42285246916309294 0.08094964410451405
-0.4089968610460232 0.07007383173438281
-0.3945974623104469 0.06457845174410903
-0.38306291171139306 0.05756664750873175
-0.37327468057827484 0.05441443034616922
-0.36347318625933944 0.04895441885140822
-0.34732746805782744 0.039599451788319695
-0.33525354790220596 0.03873734471019946
-0.32314425925107215 0.031721119412883025
-0.3104823378575534 0.02854679694062523
-0.300680843538618 0.023086785445864177
-0.2868606039170608 0.018365091294929137
-0.2736018391617666 0.011340023873734562
-0.2638224501525266 0.009726336265971136
-0.2500154737167867 0.0073124364472346715
-0.23733586807551177 0.0010610548653787188
-0.22583668597197049 0.0002033688491976382
-0.21547813784871128 -0.0021840045979043543
-0.20280295326937536 -0.0076661214023607815
-0.19074229629957118 -0.006220434148282383
-0.18040143242406825 -0.005530748485786219
-0.16773951103054963 -0.00870507095804407
-0.1573809629072903 -0.011092444405146062
-0.1475927317741722 -0.014244661567708483
-0.13495291569034884 -0.013572660152968763
-0.12634068703302537 -0.012100446527255782
-0.11713161501392633 -0.014478977850479635
-0.11022149520314783 -0.01683982492594721
-0.10101684424598789 -0.018449091471771484
-0.09239577346478622 -0.018515407400857664
-0.08434501967372565 -0.019346567045404328
-0.07626331844909162 -0.025562580131747614
-0.06933109332861764 -0.03176975109421282
-0.0618108669702464 -0.04028913745081569
-0.06117423405101918 -0.0510632653963482
-0.05764180556169596 -0.06570582253857382
-0.05525443211459402 -0.08110880233432077
-0.058061806445908415 -0.09262566868561833
-0.06022812679605638 -0.1156859271293858
-0.06385956675689297 -0.13809530141285772
-0.07043065750287455 -0.16114993130408292
-0.07523752644064653 -0.18848792892243548
-0.08391702005187086 -0.2227993739582404
-0.09223217096177774 -0.25827411588858955
-0.10135334296915215 -0.2936981800634162
-0.11075663099676772 -0.3413848238375881
-0.11370529201114121 -0.4106591803351166